541 318	606 363
632 315	698 367
723 314	786 366
818 312	879 366
912 311	971 365
1007 309 1064 364
1104 310 1160 361
1199 306 1258 363
540 415	602 462
634 409	692 460
728 408	784 463
818 405	876 463
910 405	969 461
1008 406 1061 455
1105 406 1156 456
1205 411 1250 455
540 504	589 552
633 503	680 552
729 502	773 553
819 503	867 554
913 501	961 552
1009 501 1056 553
1107 504 1149 551
1203 503 1251 552
540 599	589 644
634 596	680 647
727 598	772 648
820 599	865 646
911 598	962 648
1006 598 1058 649
1106 599 1153 647
1205 598 1250 648
540 695	586 738
631 695	679 740
724 694	772 741
816 693	866 742
910 694	960 744
1006 695 1055 744
1105 696 1152 745
1202 696 1251 745
543 786	585 833
632 785	683 835
724 788	771 838
816 788	864 838
911 789	958 841
1005 786 1055 842
1103 790 1153 846
1200 794 1252 846
1300 325 1324 347
1355 322 1378 347
1411 322 1434 347
1468 320 1490 344
1300 378 1323 400
1354 376 1378 400
1409 376 1433 401
1465 375 1490 401
1521 375 1548 399
1298 430 1323 456
1352 429 1377 454
1409 429 1433 455
1464 429 1490 454
1521 428 1547 453
1298 483 1324 508
1352 483 1377 509
1408 483 1435 509
1464 482 1488 508
1520 483 1547 508
1297 536 1324 562
1351 538 1378 562
1408 537 1434 562
1464 537 1490 562
1520 538 1545 563
1297 590 1322 615
1352 589 1378 616
1407 590 1432 617
1462 591 1490 617
1519 592 1546 617
1296 643 1324 669
1351 643 1378 669
1407 644 1433 670
1462 645 1490 671
1519 647 1546 671
1296 696 1323 722
1351 697 1377 723
1406 698 1434 725
1461 699 1489 724
1518 700 1546 726
1297 749 1323 775
1352 750 1378 777
1406 751 1434 777
1463 754 1488 778
1518 753 1546 781
1297 802 1320 829
1351 803 1377 830
1407 804 1433 832
1464 807 1490 834